date,commits,total_difficulty,avg_difficulty
2025-04-23,1,9,9.0
2025-04-24,0,0,0
2025-04-25,17,60,3.53
2025-04-26,8,22,2.75
2025-04-27,2,12,6.0
2025-04-28,15,45,3.0
2025-04-29,9,32,3.56
2025-04-30,9,21,2.33
2025-05-01,21,63,3.0
2025-05-02,13,27,2.08
2025-05-03,19,67,3.53
2025-05-04,8,28,3.5
2025-05-05,21,63,3.0
2025-05-06,8,36,4.5
2025-05-07,6,33,5.5
2025-05-08,41,156,3.8
2025-05-09,9,42,4.67
2025-05-10,30,117,3.9
2025-05-11,5,20,4.0
2025-05-12,25,99,3.96
2025-05-13,2,8,4.0
2025-05-14,1,7,7.0
2025-05-15,6,28,4.67
2025-05-16,10,32,3.2
2025-05-17,2,3,1.5
2025-05-18,7,21,3.0
2025-05-19,10,32,3.2
2025-05-20,5,20,4.0
2025-05-21,1,8,8.0
2025-05-22,4,14,3.5
2025-05-23,2,12,6.0
2025-05-24,0,0,0
2025-05-25,0,0,0
2025-05-26,0,0,0
2025-05-27,0,0,0
2025-05-28,1,2,2.0
2025-05-29,1,1,1.0
2025-05-30,7,22,3.14
2025-05-31,0,0,0
2025-06-01,0,0,0
2025-06-02,0,0,0
2025-06-03,3,4,1.33
2025-06-04,0,0,0
2025-06-05,10,57,5.7
2025-06-06,1,1,1.0
2025-06-07,0,0,0
2025-06-08,0,0,0
2025-06-09,0,0,0
2025-06-10,0,0,0
2025-06-11,3,7,2.33
2025-06-12,9,31,3.44
2025-06-13,20,53,2.65
2025-06-14,0,0,0
2025-06-15,0,0,0
2025-06-16,6,16,2.67
2025-06-17,3,13,4.33
2025-06-18,15,33,2.2
2025-06-19,56,122,2.18
2025-06-20,0,0,0
2025-06-21,0,0,0
2025-06-22,0,0,0
2025-06-23,8,28,3.5
2025-06-24,21,46,2.19
2025-06-25,9,22,2.44
2025-06-26,27,73,2.7
2025-06-27,12,24,2.0
2025-06-28,8,14,1.75
2025-06-29,0,0,0
2025-06-30,12,24,2.0
2025-07-01,5,10,2.0
2025-07-02,21,48,2.29
2025-07-03,35,74,2.11
2025-07-04,8,28,3.5
2025-07-05,0,0,0
2025-07-06,0,0,0
2025-07-07,2,6,3.0
2025-07-08,1,7,7.0
2025-07-09,3,9,3.0
2025-07-10,2,11,5.5
2025-07-11,5,10,2.0
2025-07-12,0,0,0
2025-07-13,0,0,0
2025-07-14,25,45,1.8
2025-07-15,17,21,1.24
2025-07-16,1,1,1.0
2025-07-17,0,0,0
2025-07-18,1,1,1.0
2025-07-19,0,0,0
2025-07-20,0,0,0
2025-07-21,0,0,0
2025-07-22,0,0,0
2025-07-23,0,0,0
2025-07-24,0,0,0
2025-07-25,0,0,0
2025-07-26,0,0,0
2025-07-27,0,0,0
2025-07-28,0,0,0
2025-07-29,4,9,2.25
2025-07-30,10,19,1.9
2025-07-31,7,19,2.71
2025-08-01,7,16,2.29
2025-08-02,0,0,0
2025-08-03,2,13,6.5
2025-08-04,7,20,2.86
2025-08-05,9,20,2.22
2025-08-06,9,29,3.22
2025-08-07,7,23,3.29
2025-08-08,10,37,3.7
2025-08-09,1,2,2.0
2025-08-10,0,0,0
2025-08-11,7,21,3.0
2025-08-12,7,28,4.0
2025-08-13,14,51,3.64
2025-08-14,10,19,1.9
2025-08-15,13,36,2.77
2025-08-16,0,0,0
2025-08-17,3,7,2.33
2025-08-18,5,11,2.2
2025-08-19,35,77,2.2
2025-08-20,28,59,2.11
2025-08-21,38,88,2.32
2025-08-22,41,110,2.68
2025-08-23,0,0,0
2025-08-24,0,0,0
2025-08-25,21,63,3.0
2025-08-26,15,36,2.4
2025-08-27,40,97,2.42
2025-08-28,7,20,2.86
2025-08-29,25,69,2.76
2025-08-30,2,2,1.0
2025-08-31,0,0,0
2025-09-01,6,21,3.5
2025-09-02,19,71,3.74
2025-09-03,12,35,2.92
2025-09-04,22,74,3.36
2025-09-05,26,81,3.12
2025-09-06,1,6,6.0
2025-09-07,4,13,3.25
2025-09-08,11,36,3.27
2025-09-09,13,37,2.85
2025-09-10,1,1,1.0
2025-09-11,6,21,3.5
2025-09-12,9,37,4.11
2025-09-13,4,21,5.25
2025-09-14,3,12,4.0
2025-09-15,5,7,1.4
2025-09-16,8,20,2.5
2025-09-17,9,26,2.89
2025-09-18,16,44,2.75
2025-09-19,8,39,4.88
2025-09-20,0,0,0
2025-09-21,0,0,0
2025-09-22,8,44,5.5
2025-09-23,5,16,3.2
2025-09-24,9,38,4.22
2025-09-25,2,3,1.5
2025-09-26,4,17,4.25
2025-09-27,0,0,0
2025-09-28,1,6,6.0
2025-09-29,5,15,3.0
2025-09-30,23,90,3.91
2025-10-01,28,102,3.64
2025-10-02,23,74,3.22
2025-10-03,19,62,3.26
2025-10-04,1,6,6.0
2025-10-05,1,8,8.0
2025-10-06,15,89,5.93
2025-10-07,10,27,2.7
2025-10-08,3,6,2.0
2025-10-09,17,41,2.41
2025-10-10,0,0,0
2025-10-11,0,0,0
2025-10-12,0,0,0
2025-10-13,11,54,4.91
2025-10-14,25,111,4.44
2025-10-15,35,153,4.37
2025-10-16,4,9,2.25
2025-10-17,37,189,5.11
2025-10-18,3,13,4.33
2025-10-19,11,42,3.82
2025-10-20,18,81,4.5
2025-10-21,52,176,3.38
2025-10-22,65,218,3.35
2025-10-23,71,287,4.04
2025-10-24,48,113,2.35
2025-10-25,0,0,0
2025-10-26,3,17,5.67
2025-10-27,53,177,3.34
2025-10-28,55,204,3.71
2025-10-29,91,298,3.27
2025-10-30,28,116,4.14
2025-10-31,23,100,4.35
2025-11-01,9,47,5.22
2025-11-02,4,24,6.0
2025-11-03,17,85,5.0
2025-11-04,13,53,4.08
2025-11-05,30,94,3.13
2025-11-06,21,70,3.33
2025-11-07,27,99,3.67
2025-11-08,3,7,2.33
2025-11-09,0,0,0
2025-11-10,14,49,3.5
2025-11-11,8,22,2.75
2025-11-12,7,21,3.0
2025-11-13,9,32,3.56
2025-11-14,4,17,4.25
2025-11-15,1,5,5.0
2025-11-16,0,0,0
2025-11-17,7,23,3.29
2025-11-18,28,105,3.75
2025-11-19,16,59,3.69
2025-11-20,15,50,3.33
2025-11-21,17,56,3.29
2025-11-22,8,40,5.0
2025-11-23,0,0,0
2025-11-24,11,40,3.64
2025-11-25,9,46,5.11
2025-11-26,8,28,3.5
2025-11-27,2,11,5.5
2025-11-28,10,42,4.2
2025-11-29,0,0,0
2025-11-30,0,0,0
2025-12-01,1,5,5.0
2025-12-02,2,4,2.0
2025-12-03,1,8,8.0
2025-12-04,5,23,4.6
2025-12-05,13,41,3.15
2025-12-06,0,0,0
2025-12-07,0,0,0
2025-12-08,1,1,1.0
2025-12-09,10,36,3.6
2025-12-10,5,35,7.0
2025-12-11,4,17,4.25
2025-12-12,11,42,3.82
2025-12-13,0,0,0
2025-12-14,0,0,0
2025-12-15,2,9,4.5
2025-12-16,9,28,3.11
2025-12-17,0,0,0
2025-12-18,2,9,4.5
2025-12-19,11,30,2.73
2025-12-20,0,0,0
2025-12-21,0,0,0
2025-12-22,0,0,0
2025-12-23,0,0,0
2025-12-24,0,0,0
2025-12-25,0,0,0
2025-12-26,0,0,0
2025-12-27,0,0,0
2025-12-28,0,0,0
2025-12-29,0,0,0
2025-12-30,0,0,0
2025-12-31,0,0,0
2026-01-01,0,0,0
2026-01-02,0,0,0
2026-01-03,0,0,0
2026-01-04,0,0,0
2026-01-05,0,0,0
2026-01-06,0,0,0
2026-01-07,0,0,0
2026-01-08,3,15,5.0
2026-01-09,1,10,10.0
2026-01-10,0,0,0
2026-01-11,0,0,0
2026-01-12,0,0,0
2026-01-13,7,42,6.0
2026-01-14,6,22,3.67
2026-01-15,5,22,4.4
2026-01-16,5,24,4.8
2026-01-17,0,0,0
2026-01-18,0,0,0
2026-01-19,21,60,2.86
2026-01-20,4,22,5.5
2026-01-21,21,71,3.38
2026-01-22,21,82,3.9
2026-01-23,20,70,3.5
2026-01-24,0,0,0
2026-01-25,0,0,0
2026-01-26,10,30,3.0
2026-01-27,4,22,5.5
2026-01-28,3,25,8.33
2026-01-29,13,50,3.85
2026-01-30,10,40,4.0
2026-01-31,0,0,0
2026-02-01,0,0,0
2026-02-02,43,135,3.14
2026-02-03,60,188,3.13
2026-02-04,81,269,3.32
2026-02-05,45,142,3.16
2026-02-06,27,80,2.96
2026-02-07,0,0,0
2026-02-08,0,0,0
2026-02-09,20,45,2.25
2026-02-10,6,16,2.67
2026-02-11,3,15,5.0
2026-02-12,22,92,4.18
2026-02-13,5,21,4.2
2026-02-14,0,0,0
2026-02-15,0,0,0
2026-02-16,12,46,3.83
2026-02-17,16,47,2.94
2026-02-18,1,4,4.0
2026-02-19,3,16,5.33
2026-02-20,14,55,3.93
2026-02-21,0,0,0
2026-02-22,0,0,0
2026-02-23,14,52,3.71
2026-02-24,20,66,3.3
2026-02-25,3,16,5.33
2026-02-26,8,24,3.0
2026-02-27,5,25,5.0
2026-02-28,0,0,0
2026-03-01,0,0,0
2026-03-02,3,13,4.33
2026-03-03,17,58,3.41
2026-03-04,2,14,7.0
2026-03-05,11,41,3.73
2026-03-06,14,62,4.43
2026-03-07,0,0,0
2026-03-08,0,0,0
2026-03-09,7,16,2.29
2026-03-10,28,82,2.93
2026-03-11,7,29,4.14
2026-03-12,6,25,4.17
2026-03-13,4,27,6.75
2026-03-14,2,15,7.5
2026-03-15,0,0,0
2026-03-16,10,32,3.2
2026-03-17,10,37,3.7
2026-03-18,9,41,4.56
2026-03-19,24,89,3.71
2026-03-20,24,66,2.75
2026-03-21,0,0,0
2026-03-22,1,8,8.0
2026-03-23,17,54,3.18
2026-03-24,20,80,4.0
2026-03-25,10,32,3.2
2026-03-26,4,18,4.5
2026-03-27,12,42,3.5
2026-03-28,0,0,0
2026-03-29,0,0,0
2026-03-30,11,41,3.73
2026-03-31,17,55,3.24
2026-04-01,19,67,3.53
2026-04-02,14,37,2.64
2026-04-03,0,0,0
2026-04-04,0,0,0
2026-04-05,0,0,0
2026-04-06,0,0,0
2026-04-07,10,50,5.0
2026-04-08,28,89,3.18
2026-04-09,14,32,2.29
2026-04-10,25,91,3.64
2026-04-11,0,0,0
2026-04-12,0,0,0
2026-04-13,7,27,3.86
2026-04-14,14,53,3.79
2026-04-15,21,84,4.0
2026-04-16,6,22,3.67
2026-04-17,2,14,7.0
2026-04-18,0,0,0
2026-04-19,0,0,0
2026-04-20,3,9,3.0
2026-04-21,5,30,6.0
2026-04-22,0,0,0
2026-04-23,0,0,0
